0 0.477889 0.952312 0.093787 0.095375
0 0.700222 0.941296 0.112527 0.107416
0 0.575852 0.941238 0.122750 0.117524
0 0.448074 0.882519 0.092083 0.098898
0 0.575000 0.810111 0.128360 0.124952
0 0.747926 0.795630 0.095490 0.109120
0 0.970200 0.661037 0.059599 0.122750
0 0.951460 0.136296 0.097079 0.143194
0 0.124370 0.916593 0.105713 0.098898
0 0.018762 0.816074 0.037525 0.102305
0 0.094556 0.814370 0.083564 0.088676
0 0.187407 0.699370 0.078453 0.110824
0 0.080926 0.484704 0.100602 0.114231
0 0.246185 0.535815 0.117639 0.124453
0 0.892741 0.225741 0.098898 0.110824
0 0.964238 0.037503 0.071525 0.075006
0 0.854407 0.074133 0.141490 0.148266
0 0.753889 0.035800 0.100602 0.071599
0 0.755593 0.181444 0.097194 0.117639
0 0.660185 0.107333 0.114231 0.122750
0 0.605667 0.258963 0.107416 0.109120
0 0.527296 0.138852 0.104009 0.124453
0 0.207000 0.279407 0.110824 0.112527
0 0.056222 0.258111 0.098898 0.127861
