0 0.748889 0.080000 0.073268 0.056972
0 0.749630 0.045185 0.074750 0.070305
0 0.698519 0.054074 0.058453 0.088083
0 0.634815 0.052593 0.088083 0.076231
0 0.597778 0.017207 0.067342 0.034414
0 0.496296 0.032762 0.077713 0.065523
0 0.533333 0.066667 0.080676 0.065861
0 0.414074 0.106667 0.096972 0.074750
0 0.297037 0.160000 0.088083 0.062898
0 0.258519 0.194815 0.052527 0.076231
0 0.212593 0.194815 0.076231 0.085120
0 0.244444 0.130370 0.083639 0.062898
0 0.269630 0.096296 0.054009 0.074750
0 0.305185 0.046095 0.074750 0.092190
0 0.254815 0.036466 0.068824 0.072932
0 0.157037 0.076296 0.074750 0.073268
0 0.297037 0.205926 0.079194 0.083639
0 0.029799 0.103704 0.059599 0.074750
0 0.068148 0.135556 0.068824 0.055490
0 0.020170 0.245185 0.040340 0.073268
0 0.100741 0.291852 0.080676 0.062898
0 0.113333 0.388889 0.064379 0.073268
0 0.029058 0.411852 0.058117 0.080676
0 0.034815 0.442222 0.061416 0.076231
0 0.091111 0.440741 0.064379 0.082157
0 0.824444 0.105926 0.070305 0.082157
0 0.700000 0.185185 0.064379 0.080676
0 0.578519 0.340741 0.091046 0.080676
0 0.600741 0.403704 0.070305 0.061416
0 0.556296 0.460000 0.076231 0.079194
0 0.522222 0.515556 0.079194 0.074750
0 0.462222 0.474815 0.071787 0.073268
0 0.516296 0.625926 0.067342 0.067342
0 0.519259 0.604444 0.052527 0.051046
0 0.530370 0.575556 0.054009 0.061416
0 0.455556 0.634815 0.067342 0.102898
0 0.683704 0.482963 0.096972 0.083639
0 0.878519 0.038519 0.071787 0.068824
0 0.753333 0.208889 0.079194 0.089564
0 0.833333 0.380741 0.094009 0.080676
0 0.945185 0.377778 0.071787 0.065861
0 0.937037 0.346667 0.082157 0.077713
0 0.971682 0.467407 0.056636 0.085120
0 0.800000 0.932593 0.080676 0.094009
0 0.040741 0.497778 0.079194 0.059935
0 0.029059 0.580000 0.058118 0.076231
0 0.017207 0.940000 0.034414 0.082157
